50 100
-20 -25 -47  -3 -23  18 -20 -13  24  18  23  -4 -20 -23  30  23  -6  -3 -28 -38 -30  -1   2 -18  25  13 -26 -26 -20  18  21  15  17 -16  30   5 -44 -12  -6  13  -5  -5 -25 -34 -16   8 -18 -10  29  29 -47 -46  -4 -10 -44  -9   3 -22   9 -13  18 -11  30 -25  23 -48   7  15 -23  -6  15   1 -42 -20  -9  -1  20 -42   8  -6  24 -50 -22 -37 -23  -5 -49  13  24  13 -26 -19 -42 -21 -48   1 -11 -14 -36  15
 -8  27 -32 -25  18 -48 -27  29 -40 -35   6 -34  -7 -42  13  -5 -35 -14 -25  26  21  15  14  14 -12 -21  21 -29 -49 -24  12 -17 -25 -36 -29  -7 -25  -6  -2   8   7   6  22  -6  15 -15 -28  -5  27 -41  23  15 -38 -41 -24   1 -19  19  30  11  -8  -4 -37 -39 -26  11  24  26 -39 -39  29 -48 -44  30 -47  24 -20  -1  25  17 -34  20  12 -45 -50  14  -2 -39  23  14 -42   6 -29 -26  16   5  19 -38 -49 -38
 14 -16  20  -9 -50  17 -16 -22   3   9  10  14   2  -1 -43 -12  15  22 -48 -46 -13  28  10 -18 -34   2 -37 -16  13  10 -11 -46  29 -31   7 -24  -1 -38  -7  -8   5 -50   7  30  -9  24 -32  30  -5  13 -49  15 -41 -47 -38  13  18 -47   8  -6  -8 -23 -21  23 -29 -32   0 -36  10  14 -28  15 -24 -49  21 -32 -14  16 -24   8 -22 -18  11 -43 -35 -29   0 -44   7 -14 -48  -4  14  -3  -3  -2  24 -50  -4 -25
 22 -50 -43 -35  15 -25 -46   9 -12 -33 -26 -31  21 -35   0   3  29 -41  24 -23 -34 -36 -15 -48 -17 -16 -39  24  26 -41 -22  18 -15 -25 -26  14 -47 -10  -1 -30   0  21  20   0 -24  10  12 -14 -35  21  -6  -2   4  14   3 -20  -9  10  28   0 -39  17 -32  28 -33   1 -13 -41   7  28 -14  19 -46 -36  27  29   1  27  -4 -44 -44 -36  27  28 -39 -27 -24  19  10 -46 -48 -30 -36 -39 -47 -38  20 -15  29  14
-48 -29 -41  23   0   7  28 -48 -15 -21 -14 -46 -40  25 -21   7 -23 -40  -5  13   4 -44  -5 -47 -14   5  12 -15 -13  -2  11 -10  14  23 -26  14  14 -23 -37  27  17  19 -37   8 -12 -20 -23  11  15  23 -33   0  11 -14  14  26 -32   3 -14 -31 -39 -49 -47 -32 -44 -30  10   7 -22   1 -32 -34  -3  -4 -19 -31 -39 -25 -48  11 -31  -6  16  13  13  14  16 -49  11   9   8  28  23 -29 -35 -50  22  30 -45  24
 28   3 -14 -49 -38  -4 -20  16 -21  23  18  21  23  23 -37 -40  12  20 -49 -26 -26 -49  18   7   3 -49 -50 -15  24   7  -4  13  18 -38 -12   1 -13 -19 -49 -26 -15 -18  28  26 -15 -47  30 -39  -2 -26 -35 -42 -15 -50 -43 -50 -13  30 -26 -18 -20 -43 -23  -8  -7  -9   8  28  10 -37 -29   0   3   0 -25 -36 -10  28 -40  -2  -6 -44 -40 -45 -13 -29 -29   3 -10   8  -3  -3   7 -17 -49  10 -15  11  14  -7
-10 -49  21 -32 -31   5   1  30 -10 -43 -40 -38   5 -12  24 -27 -46 -29 -16 -11   8  19  17 -36  30 -24 -15 -15  30 -46  22  11  -7 -32 -10  27  19 -22 -10 -10  -3 -16 -38  -7  10  -2  30  27 -50   5  24  29   7 -10   5  15 -43 -25 -49 -18  28 -30 -47  -4   7 -13  -3 -39  18  18 -25 -22 -30  11 -37 -38  28   0 -37  18 -29 -38 -21  14 -11   4  26 -45  28  30 -17   8  30 -35 -36  21  -7  -2  17  17
 25  13 -23  -5  15 -42  27  18   8 -49  15  30 -48 -26 -22 -48  23  29   7 -46  -4 -17 -17  21 -23  10  23  -1 -33  29  14 -37  21 -28  16 -25  -1 -18 -28   7 -21   0  -1  20  29 -33 -17  29 -20 -19  19   6 -10  21 -18 -23   8 -18  20 -30 -38 -26  20 -44 -42  10  29 -18  -9 -32 -31 -19 -31 -26 -12  -8 -10  18  11 -10  29  22 -29 -44 -42  23 -28 -46 -39 -21 -20 -16  11 -30   6  29 -27 -50  13  29
  6 -29 -38  19  22 -35 -50 -17   2   4  11 -21  -2 -43 -31 -22 -41 -36 -15  15 -18  12  22 -13  21 -25 -24 -18 -11 -22   2  -8  -6  11 -25  13 -44 -39  -8 -35  28  28 -35  -5  -8  21  10  -8 -26  29   7  13 -45 -21  28   7 -44 -15 -45   5 -42  -3  15 -14  10 -46  -1  14  -3 -19   5 -20   3 -49  -2 -40   5 -46 -15 -20  -6  16  -8  11 -35 -18   8  16 -26  15 -46 -34  22 -36 -35   1 -47 -49  14 -29
 29  14   0  -3   7  -7 -46 -18 -30  12 -19  13  15 -50   1  13 -18 -20 -22   1  14 -46   2   8   1   4  10 -28   5 -25 -46  13   1 -10   2 -10  -6 -45 -33  -4 -21 -15  30 -11  -7 -40 -17  17  -7 -45  28 -45 -13 -48 -18 -44  -1  -7 -42  -6  23 -27  21 -30 -24  17 -37 -37   7   6  -3 -24   7  28   7 -30 -36 -26  16 -17  14 -49  14 -11  19 -17 -25 -10 -33 -31 -26 -20 -18   1 -39 -18   8 -46   7 -23
-24  -1 -32 -48 -38 -30 -36  -5 -49 -33   4 -33 -15 -21 -45   9 -36 -34 -38 -21 -26 -26 -39 -36 -29 -18 -41 -32   2 -42  25  21  -6   8  30  27  18   3   6 -47 -43  15  -7  18 -47 -46   6 -20 -25   9 -41 -40 -40 -14  28 -38  13 -25   7   6 -20   4 -22  -1  22 -48   8  -1 -49 -40   1  26 -30 -35  19  30 -28 -45  -7  11 -42 -36 -22  25  18  10 -18 -25 -27  29 -31 -18 -17  -9  10 -46  24  27  24  18
-35   8 -11 -22 -48   6  28  28  22   0  -7   2 -27 -13 -33  26  29  25   0 -40 -42 -39 -34 -36 -33   5 -38   0  29  -1 -45 -36 -38 -15 -15   9 -46   1  18  14 -39 -24  -5  23 -21  -3  -2 -19 -33 -31 -42 -35  30  25  15 -38  10 -11 -17  -2 -26   9 -31  28 -27 -47 -24   5 -40 -33 -41 -17 -49  11  29  10  -1 -22  -4  -4 -23   0 -10  29  11 -26 -12  -1 -17  -5 -43  26 -49  20  23 -43 -15  -8 -24  20
-14 -13 -11 -13 -33  -1 -21 -24  19 -20 -24   3  27  -6  11 -42   4 -31  26  28 -36   8  -7 -33 -14   4 -49  19 -14  22  25   5 -21  -4  18 -38   4  -4 -47  17  -7 -47 -34  13  30   6  22 -28 -25   2  24  12 -30 -47 -23 -23 -24 -20 -11  -1   7   5  -7 -28  20  28 -28 -40 -37   9   2   4 -28  24 -31   0  -2 -10 -36  23 -34 -26 -44  -7  21 -12  23  29 -35   4 -15  27  18  28  21 -45  23 -12  18  19
-38  13  22 -37 -30 -33  -4 -34  30 -41 -13 -20 -17  10 -40 -41 -40  -5 -15 -28 -20  -6  10 -42 -32  17  26  15  -1  -6 -14 -43 -29   9  -6 -21 -12 -33   0  -1  -4 -39 -29 -40  19 -46  11 -13 -27 -47   1  -2  -4   4  30  20  -6  19 -50  17  17  24   3  -1  -1  -1  14   2   8  -7 -26 -11 -26 -12  12 -45 -11 -12 -50 -18   6  10  14 -13 -17  29  23  19  24 -49 -16  12 -22  19 -49   9  15 -34  21 -20
-40 -12 -22  27  16 -41 -47  24 -49 -18  10 -49 -15 -34  18  19 -37 -49 -50 -31 -21  10  30  30  25  30   7 -24  25 -48 -25 -10 -33   3  10   9 -23  16  11  13 -40  19   4  27 -48 -34  28  -2   2  16 -38   8  29 -13  -3 -24 -21 -15   9 -30  16  15 -13 -34 -26 -29  21 -39  -7  -8 -10  -6 -38  15  22  11  21 -11 -25  18 -40 -45 -45  24  -9 -45 -33   6   8  18 -33  13 -24  -3 -15 -39 -21 -43  -6  -4
 -4 -50 -22 -20  12   1   2 -29 -23 -20 -33 -21  29  21 -49 -20  10  18 -27 -11 -27  -8  17 -20  25 -34 -45  11 -22 -17 -25 -39   6 -37 -48  15 -15 -11 -41 -18  11  -4  -1 -28  28 -12 -32 -47   0 -31 -36  -8 -31  -7   9  -6 -45  -6 -14   3   9  23 -43  16 -37  17  18 -37 -41 -44 -37  -1  -8 -38  -6 -36 -47  -5 -31  11  -1  -7 -21 -11   0   3 -29   9  -3 -33 -37   3  15 -37  10 -21 -24 -21  27  -3
-22 -45  17   4  27 -10  -8 -36  12  -9  -1  28 -43  17 -17 -12 -29 -12  10  20 -18  26  -6 -10 -23 -14  17  -6 -27  25  12 -46 -24 -11  11 -17 -48 -36 -21  -1  23 -11 -33 -31  14 -17  20  16 -13  -6  -2 -12 -16 -17 -48 -47  -6 -15  15 -37   4   4  12  16 -30   2  -3  12 -26   7   2  -5  -1  30  18   7 -37 -32   7 -25 -16  18 -38  -5  -7 -45  17  30 -50 -15  13 -18  28 -43  18 -27  11  14   2 -28
-26 -24   9 -29  28  -9 -37 -47 -49 -35 -47 -23   2 -21  -9  28 -21 -12 -48 -14 -15  26 -41 -25  18 -37 -12  10 -26 -49 -34 -11  22  28   5  17  22 -36  15 -28 -33   0  18  10  -8  -9 -39  27 -24 -12  29   7 -25  -8  -3  24 -21  11  23 -50  -1 -15  -7 -30  10  29 -16 -10  26 -16 -43  -4 -26  28 -50  30  28 -23  13 -13  10  15 -37 -17  11 -50  24  22 -34 -25  20  27  22  29 -40  -9 -43   9 -34   3
 22  10 -38 -49 -43 -12 -45  -1 -36   6   8 -26  25   7 -34  11   6  19 -47 -46 -20 -33 -40  12 -47 -23  20 -18  -8 -21 -30  27 -25  23  -2 -15 -21   5  -4  -3  -8  -8  25  27 -32  30  16 -25  -8 -42 -50  27  -4  -7 -37  26 -27 -27 -48 -39  28  24  -3 -22  26  15 -41 -39  -8 -37 -28  -5 -13 -30  -3 -48  27  14 -20 -19 -11 -32 -21   8  25 -38  -8 -35 -29  23 -48 -21  23 -39  13 -29  13   7   0   6
-22  18 -38   5  24   7   3  25   7 -20 -25 -10   8  -7   8  -8 -23 -20 -30   1 -21   3 -26 -32 -29 -15 -41  22 -27  -2 -18 -30  29 -26  22  -3 -40 -13 -43  30 -12  22  -9 -32 -30  20 -22  16 -42   0 -33  27 -24  -4 -33 -47   1 -18 -33   1  29  -9 -25 -41 -13 -38 -35   0  26 -27 -32 -28  24  10  -9  13 -34 -31  -6  23 -29  -5  25 -42  -8  29  10  15 -30   0  -4 -12 -49  10 -29 -30 -35 -37  22  24
 21 -43 -48   7 -15  -9  -6 -25 -15   8  26   8   8   2  18  -5 -19 -30  22 -17   1 -32  26  -1   9 -49  20   5 -14  15 -36  26  22  23  -4 -34  -5 -29 -34 -17  20 -33  -5 -48  -5 -46  26  26 -39  22 -24  -5 -45 -47 -42  -9 -33 -43 -45 -35 -18 -45  -3 -22  18  -4   8   4 -50   3 -34 -41 -22 -39  25  -7  14  23 -21 -50  27 -38 -23 -40  -4 -39  14  18  28 -30   5  -9  24   8 -33 -14  11 -41  15 -17
-45   1  -9 -32  20  -1 -14  18 -33  20 -31 -42  29 -13   1 -27 -16 -10 -45   8 -27 -12 -25  27 -41 -13 -42  -2 -26  15  17 -14 -29 -11 -34 -31   4   0  10  27 -30  30 -11 -44 -45  -2 -30  17 -26  -4  20  -9   6   2  -5 -24  25  25 -44 -33 -46  18 -18 -24  19  22 -24  -1 -26   3  -9 -40   8 -20  -4  25  30  -1 -27 -42 -12  21 -37 -22  11 -14  20   7 -33  20  -4 -12 -23 -39  19  -4  15 -35 -49   6
 -1 -28  -5 -34 -37 -44 -13  -7  17 -26 -21   6  -8  16 -48  13 -47  14 -10 -31  -2  -3  10 -42 -48   7  -3 -37 -22  11 -19 -43 -28 -49 -30  18   9  -2  17  12  11 -36  23  21  -1 -44  21  12 -33  10 -25 -27 -39  22 -47   1 -31 -25  13 -11   0 -33 -29  29   3  -2 -28   9   2 -31 -35   1   4 -10  -4  14  27  13  24 -22 -40  14  29  26  -5 -33  -8 -15 -13  25  -9   1 -39 -30 -11 -33  10 -44 -23  15
-44 -11  26   3  -3  -1 -49   1 -19 -38   3 -13 -36  21  19 -10  14 -38  -8 -18  -2 -23 -31  24 -22 -38   5  15 -11 -28 -34  -6  18 -37 -15 -11 -15 -28 -19 -38 -41 -28   7 -21 -15  29 -36   9  26  13 -14  25  29 -31 -45 -20  -9  -4  14  -1 -13 -37 -19 -20  -7  21 -41  -1 -40   7   9 -11   7 -26 -32 -13   1   9  27 -31 -18 -13  23 -17 -44  27 -39  30   0   5 -13 -43  13 -33 -38  -5 -32   3 -22 -45
-25  22   3 -48   5 -47 -33   8 -27   8 -32 -43 -26 -40  29  -8 -24 -15  25 -26 -41 -31 -20   0   3  10 -45  -6 -42   1  -3 -45  22   2 -39 -48  -3 -18 -42 -48  10 -44 -18 -43  18 -25  17  12  17 -15   5 -14 -10  29  -9  30  -2 -25  25 -32   8  19   8   0  30  27 -29 -16 -13  24  -4 -45 -37  19 -25  -6 -15 -28 -46 -12 -36 -49 -37  -7 -38 -34 -47  17  14 -39  28 -31  22 -22 -13 -48  16  -4 -44  21
  2 -33 -16 -29  23 -15 -19  23  -9 -15  -7  -7 -29 -30 -41  21 -46 -22  19  10 -36  10  -2 -21 -11 -40 -18 -15 -22  13  10   9 -47 -32 -19  27  12 -33 -37  29  -9 -38 -43 -38  25  -3  22 -42 -33  -5  23  -1 -12  14   5 -47  29  16 -45 -14   7 -35 -14 -48 -37 -28 -42 -17 -26  24  21  28  26 -27 -50 -47  16 -48  13   2 -24 -35   5   6 -21 -50   3  -6  -3 -28 -28  11 -27 -31   7  23 -27  14 -34  -1
  9 -26  30 -19   9 -45 -38  10 -49 -14   2  24   8  26  15  -7   7 -21 -43  11  21  10  -6 -14  -2 -48 -40 -10  -8  -7 -48 -36 -22  28 -30 -15   3 -45  -6  20 -45  14  20  12   0 -50 -37 -37 -28 -37 -49  -2 -28  26  26  12 -26 -16   8 -35  15 -30   6  10  27  -4  30 -47  -5 -45 -17  27 -23   7  -9  -1 -15   5   9  15  -6   1   8  13 -40  11 -39 -38  28   6 -45  22   7 -17  21  29  -9 -12  22  -3
-18   4 -17 -34 -39  20 -10 -48  -9  -7 -15 -50 -25  12   3 -12 -29 -45 -13 -45 -31   8 -27   1  -3 -37 -50   1  -7 -17 -41 -16  -9 -39   5 -13  12  23 -19  14  21  29 -25 -47 -50 -44 -31 -21 -25 -43  29 -41  17 -26  28 -48 -15 -24 -17  28  30 -27  28 -18  19 -11 -46 -18 -22  10 -19  -9 -10 -23  -7   9 -13  15 -26 -28  17  -1 -28  15  -7  -6  -5  22  17  -3  28 -14  28  19  15 -13   0 -43  26  22
  2 -11 -47 -21 -43  -8  15 -23 -18  27  15 -15  -9 -18 -40  -2  -2  -4  -6   1  19 -36 -33 -27  10 -19 -23 -11  13  14  -6 -35 -40  18  19 -35 -10 -41 -32 -14  15   6 -34  -2 -24   8  18  -7  -8  21 -12 -29 -20  -5  28 -36 -44  -7 -31   7 -49  13   9  27  -7 -26 -32 -39  11  25  18  26   3  24  -7  -8  -2 -37 -41 -32 -44 -34 -16  13 -43   8 -45   3  15 -42 -21 -36 -48 -28 -47  -6 -44   2  25 -33
 -6 -49  20  17 -35 -36 -46 -11 -21 -21   9  -5  10 -21  12  28   8  26  28 -24 -30 -45  18  -5 -47  -3  19 -38 -43  29  22 -33 -47  -6  26  22   3 -19   8 -32  18 -16 -33  -6 -14  19  21 -24 -35 -18  16 -33 -49 -22  15  -7  -4 -43 -43 -49 -25  16  25 -39  22 -44  28 -24 -24  28 -37 -28   5 -24 -11 -32  -8  21 -38   3 -42 -21  -9 -25  -2 -10 -36   7 -10 -11 -32 -50  21 -22  12  20 -44  25  -9   8
-31 -41  -2 -41 -27 -44   6  -2  28 -20   4 -15 -42   4  14   0 -30   0   6   9 -18   9   5 -15 -21 -34  18  28  25  18 -38  -9 -46 -38  16 -18  16 -31 -30 -37 -47  -1 -13 -44 -33 -17  -6 -31  19 -33 -36 -18 -23  -2 -28 -48  -5 -30  23 -43 -14  -6  -8  17   7   4  21 -13 -17  11 -49   0  -2  12 -21 -38 -26 -17  18 -25 -13 -44 -11 -49  23  12  -4  -3 -37 -29  27 -13  25 -40   8 -24   9 -19 -41 -50
-16 -31 -40   9 -20 -48  27  15 -16 -44 -20  17  10   1  22 -45  11 -14   8 -41  30  26 -27  26 -34  30  -4 -46  24 -17 -19  18 -12 -40  -4 -47  18 -28 -24 -18 -40 -46 -17 -38 -37 -50 -26  11 -14  16 -27 -12 -21 -39 -17  18 -49   1 -15  -4  -9  14 -41 -50  22   2   8 -25 -12  26  -6 -47  27 -18 -37 -11  22 -11 -42  22   0 -23 -49  12 -10 -38  -5  14   0   9   4  -2 -48  24  -7  -6  17 -25  26  10
-22  15 -17   2   4 -27   2 -12  -2 -40  10  20 -18 -19 -24 -18 -23 -14 -42  21 -38  21   9 -32 -37  27 -41 -33 -21 -17  26 -27  -9 -38  30   2 -49 -46 -33   8  24 -20  -9 -14  -2  -7 -26 -34 -26 -34 -25  -2 -25  21 -17 -13  28  -7  17 -23 -18  -4  16 -19  25  30 -30 -33 -38 -37   5 -29  -3  -2   3   1   7   6 -45  10  -1 -35  -8   2  24  13  12 -46 -36  30 -41 -41 -48 -14   5  29 -41 -36 -32  15
  7 -41 -17 -25   4 -25 -48 -33 -38 -22  23 -28 -24  29  19  28  -5 -49 -50 -31 -30 -49 -14 -24  20 -41  23  14 -12  21   2  19   3   4  11  27 -28  10   1 -35 -37 -42  20  15  14 -44  29  20 -44 -20 -50  -3 -33 -25  -1  17 -12  -6  30  30   6  19   4  -2  -3 -45  21   1  11 -45 -38  14 -38 -19  12   3 -30  -9 -43 -14  -2   3  17  27 -42 -20  19  30   4   7   8  -3  28 -11 -18 -40 -25 -44 -22 -12
-38 -25   1 -47 -48  14 -29 -34  22  -6  23  19  24 -24  -8   3   2 -27 -10 -27 -16   5  -7 -16 -23   8   0  26   9 -42 -50 -23  27 -23   5  -4 -21  29  -8  25 -15 -45   8 -31 -22  -2  26   3  19 -47  -9 -16  18  30 -45  21 -35  15 -43   4   2   7  25   6 -24 -44 -12   4  -9 -13  -2 -46  -8  25  18  -5 -34 -37 -45 -41 -11 -41 -33   1 -14 -20  -9   7  -3  24  24  -8 -33 -41   1 -22  15 -49  16  12
 -6 -41  -6  14   8   2  18 -40 -16  16   3 -35  24 -30 -42 -45 -19   1   4  -7  24  16 -11 -36 -25   9  27 -44 -23   3 -10   7 -13  -5   5   9  -8  18 -21  22 -16  24  -8 -31 -41 -30 -34  19  30  23   0 -40   7  23 -34  24 -34 -35 -41 -46   6 -27  29 -22  18   9 -20 -26  16 -34 -12  14 -15 -33   3   4 -27 -13 -33 -24  -3 -43  15   0   5  20 -29 -14  22  -1 -33  11 -46  -4  10 -42   3 -29 -36  17
-39   1   0  -5  10 -14   4 -12  30 -38 -48 -34  -8 -34 -10  26 -38  21   3   9 -19 -26  16 -32 -17  24 -33 -40 -48 -16 -13 -38  13  24   0 -19  13  28 -31 -49   0   1  20 -42 -17 -12 -37 -50  21 -24 -32 -11 -35 -30 -29 -13  -8  13 -36 -38 -24 -19  20 -45 -29 -33  -2  27 -30 -26 -28 -12   9 -38  14 -48  27 -42  30 -18 -26   9  17  14 -37 -22 -27   4 -44  26   4  20 -23  28  17 -33 -21 -45 -10  11
-27   8   2   4 -30  14   3 -35 -31 -16  18  17 -31 -27  28   8 -27  -9  -1  28  28 -33 -25 -34  19 -11 -47   0  24  22   2  25 -29 -34  -2  19 -32 -35  15  25   1 -34  -1 -15  18 -20   0  10 -20 -36   4  22 -15 -32  12   1 -49 -38 -15  25  10 -25 -42 -40 -48  10  12 -15   8  26  16 -25   6 -12 -27 -31  13 -27 -37  10 -40 -28 -50  24  27 -46 -25   7 -50  23 -49 -15 -50 -29   6 -28   2 -29  -2  26
-15  26 -15   8 -28  29  -5 -42  -2  15 -31  15  29 -30  13  16   4 -34  -5 -50   7   1 -30 -22  28  19  30 -36   6 -37 -13  24  28 -19   2  25 -43 -35 -19 -22 -44  -3 -19 -16 -23   2  16 -11  19 -39   1 -24 -36 -12  12 -10 -40 -23  28   3 -30 -10 -24  20  17 -49 -45 -35   3  28  11  27 -32  30 -48 -16 -46  30 -50   9  11 -18   9 -27  19  30 -10  20 -46   7 -11   7 -41 -19 -39 -30   7 -24  17 -31
 25 -27  24 -43 -47  24  23  30   1 -10 -20 -21 -36  -8   7 -15 -26   8 -26 -16 -47  10  28 -27 -25  -8 -48  12 -10  20  -8   4 -48 -40  19 -44  -6 -21 -49 -21  19 -19  14  12 -13 -30  27 -42 -37  28  -8   1  18 -45   9 -21  -7  -9 -47   0  -9 -45 -29  -5 -25 -13 -26   8  -9 -13 -28 -33  30   0 -47  26 -29 -16   7 -43  11 -23   2 -45 -28 -40 -23  12 -38  15 -14  17 -10   0 -27 -29  11  30  13 -29
 -9  -1  -2 -35 -13 -37  15 -41  -7 -24 -38  18  15  13   3  -8 -30 -39 -26  -4  13  30 -40 -10 -23   9  15  20 -42  10 -32   0 -42 -37 -35 -34  26 -22 -16 -21  -4   6 -22 -25 -31 -38  -9 -32 -50 -25  27  26 -38   5  -3  -8 -21   8  -4   3  -2  23  -7   0   4  24  -9 -21   7  28 -28  -5 -34 -15  26  29   4  18 -47 -34 -19  27 -15   2  25  29 -46  25  20  -6  13 -40 -35  -9 -33   4  12 -38 -26  21
-47  12   2 -34  16 -35  12  22  -7  28  -9 -13 -25 -21  23 -35 -41  -9  -5  -1 -44 -46 -38  25  16 -49  24 -33  16 -19 -36  -5  -2  -3  -7  20  23  10  13 -32   7 -49  -9  -6  -6  12 -14 -37 -24   4  22 -20  28 -27  24 -10 -28   7 -17 -44 -43 -20 -39   3 -16 -41 -36 -32 -33  13 -14 -33 -11 -28 -29  27  10 -17   6  -7  -9  23  19   3 -47 -46  18   0 -15  11   9  -4  -4 -46 -13 -48 -27 -30  12 -18
  3 -48 -36   6 -27 -30 -17 -10  19  25  16 -19 -42  28  20 -25 -29   2 -29  25  -7 -22 -29 -34 -22 -25   7   4   3  17 -20 -50  22  23 -43   8   6 -40   1 -10  25 -43   0 -23  14 -14 -31 -41 -11 -18 -13  18 -18  27  -6 -31 -41 -38 -44   7  17 -36 -42  -4 -10 -30 -11 -14 -30 -14  25  -8  19 -22  21 -22  14 -11  30  18  14  -6   4  -7   4  20  -8  13  26   6  20 -42 -38  21  -6 -27  15  -7   7  21
  9  10  18 -26 -34   0  29 -32  24 -11  28  13 -48 -36 -19 -28   8  27  16  -3 -31  19  -4  -1   2 -43  26 -34 -22   6 -35 -26  14 -13   0  -3  24  11 -29  -7 -42 -40 -13 -22   0  21 -32 -30 -35 -29  21 -34   6  -4  -2   7 -13  24   5 -33   7 -43   4  24 -33  -6  -4  15  22 -38   9 -24 -21   1  -5  10  11  18  20 -41 -36  29  -4 -48 -30 -13  30 -29 -25 -21 -19 -31   9 -42 -28 -15  24  21  19   4
 27 -18   0  25 -16 -44 -50  28  14 -28 -21  21   9  13  22   1 -12   5 -23 -10 -27 -30  13  26  -8  -3 -20 -44 -13 -31 -40  -4 -10 -22  12 -30  26   7  -7 -38  17  12  19 -31 -25  24  11  11   6 -38 -12  -1   2 -34   6 -50  30 -45 -21 -18   6  22 -35 -23 -11 -49   1 -20  20  -6 -19 -17 -43  10  20  -8  26   1  21  12 -44  -1   8  -9 -31  -3 -50 -24   1   8  17 -11  23 -11   8 -25  22 -33  -9 -11
 -9  -6 -29  21 -22  18 -50 -47 -27 -30   8  24 -25  29  -8   5 -40 -15 -50 -26  21  20 -19  27   1  13  14 -43 -29 -13  -2 -45  12   7 -13  -9 -17 -41  20 -45 -49 -29  -5 -40 -29  -9 -49  17 -40 -15 -12   8  10 -37   2  26 -35 -19 -27 -36 -42  13  19   3  -8  17  16 -39  15   9 -33 -47 -22   6 -49  -6  -8 -11 -12 -10 -47 -10 -41  20 -47 -34 -48  27 -19 -27   5 -35 -14 -25 -38  22 -38 -18 -40  10
 24  19  25 -40 -15  14  18 -30 -44  -8 -20  15 -50  -3 -49  23   6 -34 -25 -20  27 -18  22 -14 -11  23 -10  12 -18  19  -9   8 -29 -18 -42 -43 -37 -45 -23 -12   3 -39 -49 -20  22 -31  16  30  12 -14  24 -21   2  29  -1   0  -7  21 -41  30 -22 -26  11 -44 -32  -5  27 -29  28   2  14 -28  13 -17 -40 -47 -48  -1  14  29  11 -45  -8  14 -33 -41  -2  -8 -33  -5 -24 -11 -49  26 -32 -12 -25 -50 -25   2
  1 -39 -25 -34 -22  -6 -48  26  14 -48  18   8  26  12 -42 -49 -21 -36 -29 -23 -20 -29  -2  29  -3  -8 -17  27  24 -48  11  11  -4  19 -29 -42  -8  22  -2   4  27  -2   6   2 -48   3   3  -9  29 -25 -32 -44  25  -6 -42 -25  -9 -21 -22  14  -8 -17   0   5  22 -24 -12  21  20  -7 -37   8  -3   7   9 -39  23 -13 -15   4  -8  12  16  10  22 -28 -44 -31   1  27 -23 -25 -30 -20   4 -50  20  -6  16  16
  5 -25 -29 -33  20 -18 -32 -22  15 -46   4  22   0  29  -8 -48  -7 -37  27  25  -6   9 -42   7 -38 -23  29 -12 -47 -20 -36 -29 -37 -48  -1  23  25 -42  -1  19 -29 -26  23   8   1 -32   2 -13 -37  -5 -19 -19  -1   7 -38 -15   3 -43 -30 -38 -22   1   3  -3 -23  11   2 -12 -46 -29 -28  21   0 -27   8   6  27 -10 -21 -24  26 -42   6  14 -35  24  -4  13 -29  28   8 -37   2  -9  21 -32 -35  -9   7  15
-41  28 -20  18 -24 -12 -28  -2 -11   0  29 -14  30 -43  16  -6 -17  -8  -2  17  19 -11 -34  30 -26 -39 -35  11 -30  15 -15 -21  29 -50 -29 -32 -34 -24   4  30 -10 -19 -44 -31  -6  -9  21  10 -31 -37 -31 -24   7  -4  19 -41 -40 -24   7  -2  13  30 -42 -44 -11  -4  28  12 -22  12  15 -46  21  -3   3  10  11 -38 -31 -28   5 -35 -16 -46   1 -29 -46  24 -18 -34  -8  17  20  20   0  26 -13 -31 -32 -32
