1000 70
11 10
27 9
50 10
40 5
26 4
41 5
53 5
34 6
42 7
35 4
26 8
47 2
20 8
42 2
14 10
30 6
6 3
49 10
25 3
10 9
24 9
49 8
20 10
8 4
28 2
25 9
30 10
18 4
35 2
21 8
2 3
44 7
27 4
52 7
17 6
3 7
24 7
35 6
45 7
35 3
22 9
45 4
38 6
38 2
35 2
35 8
45 9
13 6
22 7
39 9
9 2
7 4
29 4
43 10
12 3
11 3
20 8
49 8
21 9
19 8
4 8
25 3
17 10
35 10
4 3
16 9
35 7
38 9
36 5
4 2
25 7
34 9
38 10
11 4
30 4
26 8
7 4
35 4
20 8
12 9
4 3
16 10
49 8
41 6
11 4
11 2
28 9
49 8
37 10
35 6
47 5
9 10
51 4
36 10
23 4
39 9
43 5
6 6
17 9
22 9
2 8
36 2
5 2
9 2
13 7
23 10
50 6
26 6
37 4
45 7
38 6
4 6
8 8
16 3
5 9
19 2
43 4
27 8
3 7
37 3
32 6
28 3
52 10
36 7
20 3
46 2
10 7
44 7
40 10
23 5
14 2
19 3
5 7
11 10
32 3
12 4
21 6
37 5
33 7
11 5
52 4
31 5
25 6
17 9
42 3
6 3
28 2
46 9
49 3
28 4
10 8
25 6
37 6
32 2
46 8
35 3
26 2
15 8
28 8
29 2
30 4
6 8
47 6
33 7
53 5
48 10
7 4
41 10
10 9
46 9
41 8
45 10
37 4
46 2
34 2
31 4
21 8
31 3
31 5
34 4
29 5
9 10
53 5
53 6
36 3
7 8
2 5
47 3
50 6
46 10
25 8
47 6
34 7
20 5
8 10
11 10
52 3
27 2
17 7
34 4
46 2
14 9
39 5
35 8
28 2
5 5
32 7
37 7
17 3
26 5
14 8
43 8
42 3
12 7
19 7
30 5
8 9
16 6
23 8
48 5
8 3
7 3
18 6
25 6
31 7
5 9
9 8
37 6
20 8
2 5
43 3
19 4
18 5
20 4
5 4
18 7
52 10
18 3
21 6
7 3
20 8
52 3
40 2
28 2
5 10
49 8
29 2
36 4
9 4
51 4
15 8
9 5
11 9
12 10
19 3
48 6
42 9
36 7
29 9
49 2
25 4
7 5
45 5
9 2
13 6
13 8
39 6
25 4
26 2
29 9
17 6
11 2
12 3
45 6
2 7
41 6
49 8
50 7
39 9
7 3
41 10
42 5
11 3
19 9
23 4
38 7
43 3
16 10
35 4
50 3
16 6
21 8
40 6
18 9
42 8
24 3
17 7
5 8
21 8
17 4
18 2
35 6
22 8
43 8
5 2
40 6
35 4
15 5
39 2
24 8
24 6
50 9
6 10
39 2
10 7
21 2
42 6
36 6
40 9
12 2
37 7
51 8
19 8
37 3
5 8
52 8
7 3
40 4
3 5
15 9
10 6
26 6
35 4
40 8
41 5
23 3
32 7
14 7
52 10
34 8
51 4
10 6
37 8
37 8
36 3
30 9
9 9
32 9
42 8
40 4
47 7
37 4
9 4
22 9
14 4
39 3
23 3
37 9
32 6
40 8
30 5
44 3
15 8
44 6
10 7
36 3
5 6
32 9
9 3
35 4
13 4
46 10
16 6
30 4
33 10
46 5
52 3
28 8
16 4
36 4
23 7
43 9
39 7
10 3
27 9
20 2
17 2
20 7
28 6
41 10
36 9
48 2
7 7
52 4
39 8
2 2
18 9
18 9
16 10
34 9
19 3
22 9
25 7
38 8
19 3
33 6
25 10
3 7
46 3
5 4
42 7
40 3
19 8
44 4
33 8
52 5
30 7
52 5
35 5
23 5
49 2
27 6
40 4
13 9
42 8
26 9
3 4
36 5
12 7
30 8
51 7
45 2
43 9
16 2
33 3
19 2
35 10
46 6
5 7
16 2
18 2
29 10
4 9
17 3
48 9
28 3
52 4
23 4
15 3
16 7
45 8
22 4
8 10
35 7
23 7
39 7
30 8
34 7
27 4
35 7
36 3
42 7
29 10
48 9
45 8
16 9
45 6
52 10
13 4
46 4
20 3
7 5
43 8
11 9
9 6
11 3
6 7
7 7
46 8
22 9
22 8
9 2
38 4
26 6
9 5
15 9
26 4
10 10
48 8
30 10
30 8
51 2
38 8
52 2
31 7
7 5
16 5
19 7
28 3
50 10
33 3
25 10
39 7
25 5
6 10
16 3
38 4
41 8
46 9
40 4
40 8
2 2
34 7
30 6
3 4
22 9
16 10
29 8
17 6
5 8
3 3
28 9
53 6
36 6
52 9
32 5
45 5
48 6
41 2
13 10
51 2
17 8
18 5
50 8
17 6
25 2
46 6
47 7
35 4
8 2
24 2
24 3
21 7
19 7
3 2
9 8
12 4
7 10
44 7
5 7
43 5
5 2
21 4
8 5
4 10
9 6
37 8
24 4
26 2
53 4
8 5
5 8
17 3
16 4
13 5
14 8
52 2
17 3
24 5
49 8
43 2
23 10
39 6
43 2
50 8
28 6
51 7
14 2
12 3
4 10
14 3
12 4
21 5
13 10
15 10
16 9
46 5
51 6
19 6
9 2
3 6
34 6
16 4
36 2
48 9
48 4
26 10
36 2
53 9
2 10
3 3
53 2
3 2
7 10
24 7
16 6
3 9
34 8
36 10
10 10
4 3
23 7
5 9
10 2
39 9
10 8
4 8
2 4
8 8
25 7
11 6
50 10
31 2
48 5
34 9
5 5
33 3
28 8
16 5
49 6
15 2
39 6
41 4
33 7
47 5
12 8
35 4
48 3
51 3
49 6
22 4
53 5
43 5
17 2
26 5
42 4
52 4
24 9
18 4
22 5
29 8
32 6
17 5
41 6
15 6
19 10
5 8
46 6
7 3
18 4
12 5
37 5
32 9
41 4
3 3
6 10
34 3
17 7
47 7
26 6
43 10
44 5
3 8
15 8
39 3
9 2
9 10
26 2
41 9
6 7
37 10
5 9
6 4
52 3
24 7
47 5
51 9
3 10
38 5
36 8
24 4
35 10
6 4
40 5
16 4
52 2
24 8
23 5
33 9
27 6
17 9
15 6
35 2
32 3
8 3
39 2
49 4
37 6
13 9
51 3
18 5
45 3
3 4
19 9
19 9
28 5
12 6
39 3
35 3
7 4
29 4
22 5
52 2
2 2
29 6
37 10
41 2
7 10
26 2
30 3
52 10
2 8
25 7
19 5
30 10
48 7
28 10
26 7
4 8
2 10
7 9
24 3
18 4
13 2
41 3
23 4
19 7
29 5
11 3
38 6
22 3
35 6
45 2
6 5
20 4
45 2
29 9
36 8
13 9
35 5
22 10
32 9
46 5
41 2
46 7
29 9
5 4
25 5
25 3
23 10
6 4
27 6
43 6
34 8
9 8
53 5
26 4
50 9
35 7
34 9
51 9
19 8
20 7
9 10
47 8
9 2
4 10
16 6
24 8
10 7
28 8
7 3
51 3
4 9
47 4
5 7
21 6
10 7
11 7
35 7
52 3
35 6
35 6
25 9
16 2
44 6
29 8
42 5
20 7
20 4
43 5
52 3
40 8
16 10
6 3
19 5
47 6
10 6
12 8
9 10
40 3
43 10
39 9
40 2
46 7
23 4
53 8
29 2
13 4
25 7
53 10
25 4
52 5
41 3
37 3
40 10
51 9
16 9
4 5
3 5
12 10
4 9
6 10
47 10
47 5
19 7
16 10
9 10
44 10
18 3
39 7
46 9
33 5
7 3
34 5
38 5
42 4
4 2
14 3
14 5
51 4
39 7
11 9
44 4
2 8
15 6
22 10
19 4
11 8
51 9
30 7
45 4
29 9
43 8
9 7
50 3
44 9
28 10
18 9
40 3
27 7
44 5
29 3
43 9
37 6
29 3
8 5
40 2
13 2
41 3
46 8
24 4
39 3
32 10
16 3
51 6
2 3
15 8
46 9
11 4
13 10
36 5
16 9
24 7
40 4
49 10
27 9
42 8
7 6
24 10
11 3
4 2
43 3
21 9
32 7
49 6
9 8
22 6
22 5
23 3
52 4
51 10
23 3
18 5
28 7
20 3
13 7
47 6
3 8
9 3
30 7
43 10
45 5
52 5
18 6
23 7
41 3
25 5
5 8
27 2
51 4
15 6
52 6
17 2
33 6
33 7
30 5
24 9
24 3
13 2
32 9
51 3
30 6
5 5
2 5
5 9
11 2
14 5
14 5
48 8
14 4
2 4
18 8
36 6
26 5
15 4
12 2
15 9
31 6
16 2
43 10
12 3
4 10
28 7
16 6
38 10
45 7
16 3
3 4
3 10
52 8
23 4
13 4
23 4
37 10
49 2
10 8
48 10
3 10
18 7
2 9
49 2
2 8
6 4
5 5
26 2
13 4
12 8
53 10
39 9
