500 60
23 1
21 1
20 1
8 1
17 2
8 1
16 1
8 2
10 1
15 2
5 1
12 1
26 1
12 1
13 1
19 1
22 2
22 2
3 1
10 2
19 1
18 2
4 1
19 2
26 2
14 2
23 2
4 1
19 2
18 1
3 1
13 2
16 1
17 2
22 2
14 1
20 1
20 2
8 2
22 1
19 1
5 2
2 2
13 2
6 2
21 2
17 2
3 1
23 1
8 2
11 2
25 2
20 2
18 2
21 1
22 1
25 1
9 2
23 2
5 1
3 2
11 1
26 2
17 1
13 1
19 1
5 2
21 1
17 2
18 1
15 1
20 1
14 2
3 1
3 2
6 1
2 1
15 1
5 2
9 2
16 2
10 2
8 2
2 2
21 1
6 1
5 2
8 2
12 1
5 2
22 1
1 1
9 1
12 1
1 1
26 2
18 2
20 2
25 1
11 2
18 2
19 1
23 2
22 2
19 1
9 1
24 2
12 1
8 1
6 1
17 2
9 1
11 1
2 2
14 1
23 1
18 1
11 2
14 2
22 1
1 2
26 2
24 1
19 2
3 2
5 1
12 2
12 1
24 2
23 2
20 2
4 1
3 2
7 2
10 1
25 1
13 2
9 1
11 1
15 1
20 1
18 2
3 2
13 1
5 1
20 1
2 1
24 2
5 1
18 1
8 1
12 2
5 2
16 2
4 1
1 2
20 1
16 2
23 1
7 2
1 1
12 2
9 1
3 2
17 1
24 1
13 1
11 1
20 2
22 1
16 2
9 2
17 2
3 1
4 2
19 1
10 2
10 2
14 1
2 2
16 1
25 1
6 2
24 2
26 2
16 2
14 2
19 2
20 2
20 2
3 1
8 2
25 2
9 1
16 1
6 2
20 2
18 1
26 1
2 1
20 1
10 2
8 1
26 2
15 2
8 2
20 2
1 2
18 2
7 1
18 2
7 1
8 1
18 2
18 1
20 2
2 2
5 1
15 1
18 2
25 1
15 1
16 1
1 1
20 1
9 1
11 1
3 2
18 1
23 1
17 1
2 2
24 2
1 2
10 1
2 2
12 2
7 1
21 1
14 2
24 1
10 2
20 1
7 1
17 2
2 1
16 2
8 1
8 2
16 2
10 1
10 2
9 2
9 1
16 1
9 1
2 2
26 2
12 2
14 1
5 1
4 2
12 2
7 1
2 1
6 2
1 2
18 1
1 1
26 1
6 2
14 2
12 1
25 1
6 1
18 2
5 1
17 2
17 2
9 1
12 2
19 1
23 1
5 1
4 1
20 2
24 2
21 2
20 1
18 1
19 2
3 1
7 2
7 2
10 1
22 2
2 2
19 1
21 1
16 2
7 1
12 1
15 1
24 1
8 2
8 1
14 1
5 2
1 1
11 2
3 1
15 2
12 2
13 1
25 2
19 2
25 1
25 1
22 1
2 2
13 1
8 2
3 1
1 2
1 1
8 1
19 2
23 1
10 2
4 2
17 1
20 1
16 2
1 2
26 2
16 1
22 1
12 2
23 1
26 1
11 2
18 1
18 1
20 1
20 2
26 2
13 2
2 1
26 1
2 1
8 2
24 1
13 2
18 1
3 1
12 1
5 2
16 2
13 1
22 1
22 2
13 2
1 1
7 1
11 2
21 2
13 2
15 1
5 2
1 1
20 2
25 1
23 1
13 1
12 2
16 1
15 2
5 2
6 2
13 2
9 1
17 1
12 2
19 1
1 1
16 2
26 1
18 1
11 2
13 2
9 2
10 1
2 2
12 2
20 2
9 1
1 1
12 1
24 1
26 1
13 2
15 2
14 2
23 2
1 1
26 2
13 1
14 2
23 2
12 2
17 2
24 2
6 1
23 2
24 1
15 2
26 2
16 2
26 1
26 2
10 2
25 1
4 2
5 1
21 1
22 2
16 2
8 2
16 2
13 2
25 1
10 1
26 1
18 2
21 1
15 2
10 2
25 1
2 2
22 1
16 2
15 1
18 2
17 2
26 1
10 1
9 2
12 2
22 2
10 2
4 1
10 1
8 2
2 2
18 2
21 2
14 1
9 1
11 2
18 1
19 1
4 1
1 1
13 2
22 2
4 1
26 1
25 2
14 2
25 1
25 1
14 1
15 1
16 2
14 1
20 1
19 2
4 2
20 2
13 1
19 2
19 2
24 2
16 2
18 2
12 2
1 2
12 2
13 1
7 2
5 1
24 2
21 2
9 2
23 1
25 2
5 2
10 1
9 1
1 2
