80 100
26 1
3 100
7 7 7 7 7 3 3 3 3 3 3 17 17 17 17 17 17 19 19 19 19 19 8 8 8 8 8 8 8 8 3 3 3 10 3 3 3 10 10 10 10 10 3 10 3 3 3 3 3 3 3 4 4 4 4 4 15 15 15 15 15 14 14 14 14 17 17 12 12 17 12 17 12 12 12 12 10 10 10 12 10 10 9 9 9 9 9 9 9 9 11 11 1 1 11 1 1 1 1 1
7 7 7 7 7 3 3 3 3 3 17 17 17 17 19 17 19 19 19 19 8 8 8 19 8 8 8 8 3 3 3 8 3 10 10 10 3 10 10 10 10 10 10 10 3 3 3 3 4 4 4 4 4 4 15 4 15 14 14 14 14 14 14 14 17 14 14 14 14 17 17 17 17 12 12 12 12 10 10 12 10 10 10 10 9 9 9 9 9 9 9 9 11 11 11 1 1 1 1 1
7 7 7 7 7 7 3 3 3 3 17 17 17 17 19 17 19 19 19 8 8 8 19 8 8 8 8 8 8 3 3 8 8 10 10 10 4 10 10 4 4 10 10 10 10 3 4 4 4 4 4 4 15 4 4 4 4 15 14 14 15 14 14 14 17 17 17 17 17 17 17 17 17 17 12 10 10 10 12 10 10 10 10 10 9 9 9 9 9 11 11 11 11 11 11 11 1 1 1 1
7 7 7 13 13 3 3 3 8 7 18 17 17 17 17 17 17 19 19 19 19 19 19 8 8 8 8 8 8 8 8 8 8 3 3 10 10 4 4 4 4 4 10 10 10 3 1 3 4 4 4 4 15 4 4 4 15 15 14 14 14 14 14 14 17 17 17 17 7 17 17 17 17 1 1 10 10 10 10 10 10 10 10 10 9 20 9 9 9 11 11 11 11 11 1 11 11 11 1 1
7 7 13 13 13 3 3 3 7 3 18 18 17 17 17 17 18 19 19 19 19 19 19 8 8 8 5 8 8 3 8 3 3 8 3 10 4 4 10 4 4 4 4 3 10 1 1 3 4 4 3 4 15 15 4 10 15 15 15 14 11 11 17 17 17 17 17 17 17 7 17 17 12 1 12 10 10 12 12 4 4 20 20 10 20 20 9 9 9 9 20 11 13 11 11 1 1 1 1 1
13 13 13 13 13 13 8 8 8 3 3 18 17 17 17 17 17 18 19 15 8 8 8 8 8 5 5 5 8 8 8 3 10 10 10 10 4 10 10 4 4 10 3 1 1 1 1 3 4 4 3 3 3 15 15 10 15 10 14 10 11 11 11 11 17 17 17 17 17 17 17 17 12 1 12 10 10 12 4 10 4 4 4 20 20 20 20 20 11 11 20 11 13 11 11 13 13 1 1 1
13 13 13 8 8 13 8 8 8 8 3 18 18 8 17 17 17 18 19 15 15 19 15 8 5 5 5 5 8 8 3 10 3 8 8 4 4 4 4 4 4 10 3 1 1 1 3 3 3 4 4 3 3 3 3 10 15 10 14 10 10 10 11 11 11 17 11 11 11 17 17 17 1 1 1 12 12 12 4 4 10 10 10 20 20 20 9 20 20 20 11 11 20 11 1 1 1 1 1 1
13 13 13 8 13 13 8 8 8 17 17 8 18 8 17 17 17 15 15 15 19 19 5 8 5 5 5 5 8 3 3 8 3 8 8 4 4 4 10 4 4 4 1 1 3 1 3 1 3 3 3 3 3 3 3 3 3 3 3 3 10 10 11 11 11 17 11 11 7 7 17 17 1 1 1 12 12 12 12 4 10 10 4 4 20 20 20 20 20 20 20 20 13 11 1 1 1 13 1 1
13 13 13 13 13 13 13 8 8 13 17 17 18 18 8 8 18 18 18 15 15 19 5 15 5 5 5 5 8 8 8 8 3 8 4 4 4 4 4 4 4 4 1 1 3 3 3 3 3 3 3 3 3 3 3 3 3 3 10 10 10 10 11 11 11 7 11 11 7 7 7 7 7 7 1 1 12 1 4 4 4 10 4 4 20 20 20 13 13 20 13 13 13 13 13 1 13 13 1 1
13 13 13 13 13 13 13 13 8 8 8 8 8 8 8 17 17 18 15 15 15 15 15 5 5 5 5 5 8 5 5 8 3 8 8 8 4 4 4 4 4 4 4 1 4 1 3 1 3 3 3 3 3 10 10 10 10 1 1 1 1 11 11 11 11 7 7 7 7 7 1 7 7 1 1 1 1 4 4 4 4 4 20 4 20 20 20 20 20 20 13 13 13 13 13 13 13 13 13 13
13 13 13 20 13 13 13 8 6 6 8 6 6 8 18 8 8 6 6 15 15 15 15 15 5 5 5 5 5 14 14 14 14 14 14 14 4 4 4 4 4 4 4 4 4 1 2 1 1 3 3 3 3 10 10 1 1 1 1 11 11 11 11 11 11 11 7 7 7 1 1 1 7 7 1 1 1 1 4 4 4 4 4 4 20 20 20 20 20 20 20 3 13 3 13 13 1 1 1 1
13 13 13 20 13 13 13 8 8 5 6 6 6 6 18 18 6 6 6 15 15 11 15 15 5 5 5 5 5 5 14 14 14 14 8 4 4 4 4 4 4 4 4 2 2 1 2 2 2 3 3 3 10 10 3 1 1 1 10 1 11 1 11 11 11 7 7 7 7 1 1 15 7 1 15 15 15 1 1 4 20 20 4 20 20 11 11 11 20 11 11 3 3 13 13 1 1 1 1 1
13 13 13 20 5 5 5 5 5 5 6 6 6 18 18 6 6 6 6 15 11 11 15 15 5 5 5 5 5 5 14 14 14 8 4 4 14 4 4 4 4 4 2 2 2 5 2 1 5 3 3 3 3 3 3 1 5 1 1 1 1 11 11 11 11 11 11 7 7 15 15 15 7 15 11 11 1 11 4 4 20 20 20 20 11 11 11 20 11 11 11 11 13 13 1 3 3 3 1 1
13 20 13 5 5 5 5 5 5 5 5 6 5 6 6 6 6 6 15 15 11 11 11 11 11 5 5 5 5 14 14 14 14 14 14 4 14 4 4 4 4 4 3 2 5 2 2 2 1 5 5 3 3 5 1 1 5 5 5 5 11 11 11 11 11 11 7 7 7 15 15 15 7 11 11 11 4 4 4 20 20 11 11 11 11 11 20 11 11 11 11 3 13 13 1 3 3 3 1 1
20 20 13 20 5 5 5 5 5 18 5 5 5 6 6 6 6 6 15 15 15 15 11 11 11 11 11 11 5 14 14 14 14 14 4 3 3 4 3 4 2 3 3 3 5 5 5 2 3 5 5 3 3 5 5 1 5 5 5 5 5 5 3 11 11 15 7 7 9 15 15 15 15 15 6 6 20 11 11 20 20 20 20 20 11 11 11 11 11 3 11 11 11 3 1 1 1 1 1 1
20 11 20 20 5 20 5 18 18 18 6 5 5 6 6 15 15 15 6 15 15 15 11 11 11 11 11 11 11 11 9 9 14 14 14 14 14 14 3 2 2 3 3 3 2 5 5 5 5 5 5 5 5 5 1 1 1 1 5 5 11 3 3 3 11 15 9 9 9 15 15 15 11 11 11 6 20 20 20 20 20 20 20 20 20 11 11 11 11 11 3 3 3 3 3 3 1 1 1 1
11 11 20 11 11 5 18 18 18 18 18 6 5 6 15 15 15 15 15 4 4 4 4 15 15 11 11 11 11 11 14 9 14 14 9 14 6 6 3 3 6 3 3 3 13 2 2 2 2 5 5 3 3 5 5 5 1 12 5 12 11 3 3 3 3 3 3 15 9 15 9 9 11 15 15 15 11 20 20 20 20 20 13 13 11 11 11 11 11 3 3 3 3 3 3 3 3 1 3 1
11 11 11 11 18 18 18 18 18 18 18 18 18 18 6 6 6 6 4 4 4 4 15 15 4 11 11 11 14 14 9 9 14 14 9 9 6 6 3 3 6 6 6 13 13 2 2 2 2 2 3 3 5 5 5 1 12 12 12 12 11 3 3 3 3 3 3 15 15 9 15 15 15 11 11 11 11 6 20 13 20 13 13 13 11 11 11 11 11 18 3 3 3 3 3 3 3 3 3 1
11 11 11 11 11 18 18 18 18 18 18 18 18 6 6 6 6 6 6 4 4 4 4 4 4 4 11 5 11 11 11 9 14 14 9 9 3 3 3 6 6 6 13 13 13 2 2 2 2 3 3 3 5 3 12 12 12 3 3 12 3 3 3 3 3 3 3 15 15 9 6 15 6 6 6 6 6 6 20 6 6 13 13 13 11 11 11 18 11 18 18 18 2 3 3 3 3 3 3 1
11 20 11 11 11 18 18 18 18 18 18 18 18 18 6 6 6 4 4 4 4 5 5 5 4 4 4 5 5 9 14 9 14 9 9 9 6 6 3 6 2 2 2 2 13 13 13 13 3 3 3 3 5 3 12 12 12 12 3 1 3 3 3 3 3 3 9 15 9 9 15 15 9 6 6 6 13 6 6 6 6 13 13 13 11 11 11 18 11 18 3 18 2 2 2 3 1 1 1 1
11 20 11 11 18 18 18 18 18 18 18 18 18 18 19 19 6 4 4 4 4 5 5 5 5 5 4 5 5 5 5 9 14 9 9 9 9 9 9 13 13 9 9 2 13 13 13 13 13 3 3 13 5 12 12 12 12 12 12 3 3 3 3 3 3 9 9 15 9 9 9 9 6 6 6 13 13 6 6 13 13 13 13 13 2 18 18 18 18 2 2 2 2 2 2 2 2 1 1 1
11 20 11 11 11 18 18 18 18 18 18 18 18 19 19 19 4 4 4 4 4 4 15 4 5 5 5 5 8 5 9 9 9 9 9 9 13 13 13 13 13 13 13 13 13 13 13 13 13 13 3 13 13 12 3 12 3 12 12 12 3 3 3 3 3 3 3 3 9 9 9 9 12 6 6 6 13 13 6 6 13 8 13 2 2 2 2 18 18 2 2 2 2 2 2 1 1 1 1 1
11 11 11 11 11 18 18 18 18 18 18 18 18 19 4 4 19 19 4 4 4 4 4 4 5 8 8 5 8 5 9 9 9 9 6 6 6 9 6 13 13 13 13 11 13 13 13 13 3 3 3 3 13 13 3 12 3 12 12 3 3 20 3 3 3 3 3 9 9 9 9 9 12 9 6 6 13 6 6 13 13 8 13 2 13 2 13 2 18 2 18 15 15 1 1 1 1 1 1 1
11 11 20 11 20 20 20 20 18 18 18 18 15 18 18 4 4 19 19 4 4 6 6 6 4 8 8 5 8 5 9 6 9 9 6 9 7 7 6 13 13 13 11 11 11 13 13 13 3 3 3 3 18 18 3 3 3 12 20 20 3 20 3 10 3 10 10 9 9 11 11 12 12 9 12 6 6 6 6 13 8 8 13 8 13 2 13 18 2 18 18 15 1 1 1 1 1 15 1 1
11 20 20 20 20 18 20 20 20 15 15 15 15 15 15 4 15 15 15 4 4 6 6 6 8 8 8 6 5 5 8 6 9 9 6 6 7 6 6 13 13 11 11 11 11 13 13 13 13 3 18 3 18 3 3 20 20 12 10 20 20 20 3 10 10 11 11 9 9 11 11 9 9 9 12 6 8 8 6 13 8 8 13 2 8 18 2 2 2 18 15 15 15 2 15 1 15 15 15 1
20 20 20 20 20 18 18 20 20 15 15 15 15 15 15 15 15 15 15 15 6 6 6 6 8 8 8 8 5 5 8 9 9 9 7 7 6 7 6 6 6 6 7 11 11 11 11 11 13 3 18 3 20 20 20 20 20 20 10 10 10 10 10 10 10 10 10 10 10 11 11 9 9 12 12 12 12 8 8 8 8 8 8 2 8 8 8 8 2 15 15 15 15 15 15 15 15 15 1 1
20 20 20 20 20 18 20 20 20 20 15 15 15 15 15 15 15 15 6 6 6 6 15 6 15 8 8 6 8 8 6 6 6 6 7 7 7 7 6 7 6 7 7 11 11 11 11 11 13 3 11 11 20 18 20 20 20 20 10 20 10 10 10 10 11 11 11 10 9 9 11 11 11 11 12 12 12 8 8 12 8 8 8 2 2 2 2 2 18 15 15 15 15 15 15 15 15 15 1 1
6 6 20 20 20 20 15 15 15 15 15 15 15 15 10 10 15 6 6 6 6 6 8 8 8 8 8 8 8 8 6 6 6 6 7 7 7 7 7 7 7 11 7 11 11 11 11 11 18 11 18 18 20 20 20 20 20 20 10 10 10 10 3 10 11 11 11 11 11 11 11 11 12 12 12 12 12 8 10 10 8 8 8 8 2 2 2 2 15 15 15 2 15 15 15 15 15 15 15 1
6 6 20 20 20 20 20 15 20 15 15 15 15 10 15 15 15 6 15 6 6 6 8 8 6 8 8 8 8 8 8 6 6 6 7 6 7 7 7 7 7 11 11 11 11 18 18 18 11 18 18 1 18 20 20 20 20 10 13 13 10 10 10 10 11 11 8 8 8 11 11 8 12 8 12 12 12 8 8 10 10 2 10 10 10 10 2 2 2 2 2 2 2 2 13 15 15 15 15 1
6 6 20 6 6 15 20 15 15 15 15 18 15 15 15 15 15 15 9 6 9 10 12 12 12 12 12 8 8 12 6 6 6 17 17 7 7 18 7 7 7 7 11 11 18 11 18 18 18 1 1 1 18 20 1 20 13 10 13 10 10 10 10 10 11 10 8 11 11 11 11 8 12 8 12 12 12 8 8 10 10 8 8 8 10 2 18 2 2 2 13 13 13 13 15 15 15 15 1 1
6 6 6 6 6 20 20 15 15 15 18 18 18 10 15 15 10 10 9 9 10 10 9 9 12 8 8 8 12 12 12 12 6 17 17 17 7 18 18 18 18 7 18 11 18 11 18 18 18 1 1 1 1 1 1 1 13 13 13 13 13 13 15 10 15 8 8 15 15 8 8 8 20 8 12 12 10 10 10 10 10 2 10 8 8 8 18 18 2 13 13 1 1 1 15 15 1 1 15 1
6 6 6 6 6 18 18 18 18 18 18 10 18 10 15 15 10 10 10 10 10 10 10 10 10 12 8 8 12 12 12 12 17 17 17 17 18 13 18 18 18 18 18 18 1 1 18 18 1 1 1 1 1 13 1 13 13 13 13 10 10 10 15 15 15 15 15 15 15 8 8 8 8 12 12 12 20 20 10 10 10 2 10 8 18 18 18 18 13 13 1 1 1 1 15 1 1 1 15 1
6 11 6 6 18 18 6 18 18 18 18 10 10 10 10 10 10 10 10 10 9 9 12 12 9 9 8 9 9 12 17 12 12 17 17 17 18 13 18 18 18 18 18 11 18 18 13 18 13 1 1 13 13 1 13 13 13 9 13 13 13 13 15 15 15 15 15 8 15 20 8 8 8 20 12 12 20 20 10 10 20 10 10 10 18 18 18 18 18 18 13 13 13 13 1 1 13 13 1 1
6 6 6 6 6 18 18 18 18 18 18 18 18 10 10 10 10 9 9 9 9 9 9 6 9 9 9 9 9 12 17 17 17 17 17 17 18 13 18 18 18 18 7 11 18 18 13 13 13 19 1 13 1 1 1 1 9 9 13 15 15 13 15 15 15 15 15 8 8 20 8 8 8 20 20 20 20 20 20 20 20 20 20 20 18 18 18 18 13 13 13 13 13 13 1 1 13 1 1 1
6 11 6 11 6 6 6 6 18 10 10 10 10 10 10 10 10 10 10 10 9 9 9 9 9 9 12 12 17 17 12 17 17 17 17 17 18 18 18 18 18 7 7 7 13 13 13 13 1 19 1 13 1 13 13 13 13 9 9 9 15 15 13 13 15 15 15 15 8 20 20 20 8 20 20 20 20 20 20 20 20 10 10 20 20 18 18 2 13 13 13 1 1 13 13 1 13 1 1 1
11 11 6 11 6 6 6 6 18 18 18 10 10 10 10 10 10 9 9 14 14 9 9 9 6 6 12 12 6 12 12 12 17 17 11 17 17 18 18 18 18 18 18 7 13 13 13 13 19 19 19 19 19 9 9 9 9 9 15 15 15 15 15 15 15 15 15 2 8 2 8 20 20 20 20 20 20 20 10 10 15 10 10 10 10 18 18 2 18 13 13 13 13 13 13 13 13 1 1 1
11 11 11 11 11 18 18 18 18 18 10 18 10 10 18 14 10 18 18 14 14 9 14 9 6 6 6 12 6 6 6 11 11 11 11 17 18 18 18 18 18 7 13 7 7 7 7 19 19 19 19 9 9 9 9 9 9 9 13 13 15 15 15 15 15 2 15 8 8 2 2 20 20 20 20 20 20 20 20 20 20 10 10 10 13 10 10 2 13 2 13 2 13 13 1 13 13 1 1 1
11 11 11 11 6 6 18 18 18 18 11 10 10 18 18 14 18 18 14 14 9 9 14 14 6 6 6 6 11 12 11 11 11 11 11 11 18 18 18 18 18 13 13 7 7 7 7 19 19 19 19 19 19 9 19 19 15 15 9 9 15 15 15 15 15 15 15 15 2 8 2 20 20 2 20 20 20 15 20 15 15 15 13 13 13 15 2 2 13 13 13 2 13 2 1 1 1 1 1 1
11 11 11 11 6 6 6 18 18 18 18 10 10 10 10 14 18 18 14 14 9 9 9 14 9 6 6 6 11 6 11 11 11 11 11 19 19 19 18 18 19 7 7 7 2 7 7 7 7 7 19 19 19 9 9 9 15 15 15 15 15 15 15 15 15 2 2 2 2 2 2 2 2 2 15 15 15 15 20 15 15 15 15 15 15 15 15 13 13 13 13 13 2 2 1 1 2 1 1 1
11 11 11 11 14 11 14 14 14 18 11 11 11 18 18 14 18 18 17 14 14 9 14 6 6 6 6 6 6 11 11 11 17 17 11 19 11 19 19 15 7 7 7 7 7 7 7 7 7 7 7 19 19 19 9 15 15 15 15 15 15 15 15 15 15 15 15 2 2 16 16 16 16 16 16 16 15 16 20 15 15 13 13 13 13 13 15 13 13 13 13 2 2 2 2 1 1 1 1 1
11 11 11 14 14 14 14 14 11 9 18 18 18 18 18 13 18 17 14 14 14 9 6 17 6 6 6 6 6 11 11 11 11 11 11 11 11 19 19 19 19 7 7 2 7 7 2 7 19 19 19 19 19 19 19 9 9 9 9 9 9 9 18 18 15 15 15 2 2 2 16 2 2 16 16 16 16 16 16 15 13 13 13 13 13 13 1 13 13 13 13 2 2 2 1 1 1 1 1 1
14 14 14 14 14 14 11 11 11 9 18 9 13 18 18 13 18 18 18 14 14 14 17 17 6 6 6 6 6 17 17 11 17 11 11 11 11 11 15 15 19 19 19 2 7 2 7 7 7 10 19 19 10 15 15 9 9 9 9 9 9 15 18 18 18 2 2 2 5 2 2 15 15 2 2 15 15 15 15 15 15 15 13 13 13 13 1 13 13 13 13 2 2 1 1 1 1 1 1 1
14 14 14 14 9 9 14 14 11 9 11 9 9 18 18 13 10 17 17 17 14 17 17 17 6 6 6 10 6 6 6 11 17 17 17 17 17 15 15 15 15 19 15 7 7 2 2 7 10 10 19 10 10 10 10 9 15 9 9 15 18 15 18 18 18 18 2 2 5 2 15 15 15 15 15 15 15 15 15 15 15 15 15 1 1 1 1 1 13 10 10 10 2 1 10 1 1 1 1 1
14 14 14 14 9 9 9 9 11 9 9 9 13 18 18 13 10 17 14 13 14 17 17 17 6 6 6 10 10 17 17 11 17 17 17 15 15 15 15 15 15 15 15 15 15 2 7 7 2 10 19 19 10 10 10 9 15 15 15 15 18 15 18 15 15 18 2 2 5 5 2 15 15 15 15 15 15 15 15 15 15 15 15 15 15 1 10 1 1 13 13 10 10 10 10 10 10 10 10 1
14 14 14 14 14 14 14 14 9 9 9 9 9 10 18 13 10 17 17 13 14 10 17 10 10 10 10 10 17 10 17 17 15 15 17 15 15 15 15 15 15 15 15 15 7 7 7 10 10 19 19 10 10 15 15 15 15 15 15 15 15 15 19 18 18 18 18 2 2 5 5 5 15 15 2 15 15 15 15 15 15 15 15 15 15 10 10 10 10 10 10 10 10 10 10 10 1 10 1 1
14 14 14 14 14 9 9 9 9 9 13 9 10 10 10 13 10 17 17 17 10 10 10 10 6 10 10 10 17 17 17 17 15 15 17 17 17 15 15 15 15 15 15 15 15 10 10 10 10 19 12 12 10 10 15 15 15 15 15 15 18 18 19 18 18 18 5 5 5 5 15 15 15 15 2 11 15 15 11 15 15 15 15 15 1 1 1 1 1 1 10 10 1 10 10 10 10 10 1 1
14 14 14 15 14 15 15 9 9 9 15 9 9 9 10 10 10 17 17 17 10 10 10 10 10 10 10 10 17 10 17 17 17 15 15 17 15 15 15 15 15 14 14 14 14 14 14 10 10 10 10 10 10 12 12 12 15 15 15 15 15 19 19 18 18 5 18 5 5 5 5 15 15 15 2 11 11 11 11 15 15 11 15 11 1 1 1 1 1 10 10 10 1 10 10 10 10 10 1 1
14 14 14 15 15 15 15 9 9 9 15 10 10 13 8 10 10 17 13 13 8 17 10 10 8 10 10 2 2 17 17 17 2 15 17 17 15 15 3 14 14 14 3 14 2 14 10 12 10 14 10 12 12 12 12 15 15 8 8 8 8 18 19 18 18 18 18 18 5 5 5 15 15 15 15 11 11 11 11 15 15 11 15 9 11 1 1 1 1 1 1 10 10 10 10 10 10 10 1 1
14 14 3 15 15 15 15 15 15 9 15 9 9 9 8 8 8 13 13 8 8 8 8 10 8 8 2 2 17 17 17 17 2 15 17 17 3 3 14 14 14 14 3 14 14 14 12 12 12 14 14 12 8 8 8 15 15 8 8 8 8 19 19 19 18 18 5 19 5 5 5 5 15 15 2 11 11 15 15 15 15 11 15 9 9 1 9 1 1 1 1 10 9 9 10 9 10 1 1 1
14 3 3 12 14 15 12 15 9 9 15 15 9 10 19 13 8 13 13 8 2 8 8 8 8 2 2 2 17 17 17 17 2 17 17 3 3 3 14 14 14 14 14 14 14 14 14 14 12 12 12 12 12 8 8 8 15 8 15 15 15 15 19 19 19 18 19 19 5 5 15 15 15 15 2 2 11 11 15 11 11 11 11 11 11 11 11 11 9 1 9 10 9 9 9 1 1 1 1 1
14 12 3 12 12 12 12 15 15 15 15 15 15 13 19 13 8 8 8 2 2 2 8 8 2 2 2 2 2 17 17 17 2 2 2 2 3 3 3 3 14 14 3 3 14 14 12 12 12 14 14 12 8 8 8 8 15 15 8 15 8 8 8 8 19 18 19 19 5 5 19 15 15 15 2 2 11 11 11 11 11 11 11 11 11 11 9 1 9 1 1 1 1 9 9 9 9 9 1 1
14 12 3 12 12 15 15 15 15 15 15 19 15 10 19 8 8 8 8 18 18 8 8 8 18 2 2 2 8 8 8 8 8 8 3 3 3 3 3 3 3 3 3 3 3 3 14 14 14 14 14 12 8 8 12 8 15 8 8 14 8 8 14 8 2 19 5 5 5 5 2 15 15 15 11 11 11 11 11 11 11 9 11 11 11 11 9 1 6 9 9 9 9 9 1 9 9 9 1 1
12 12 12 12 12 12 15 15 15 15 15 19 10 19 19 19 19 8 8 8 18 18 18 18 18 18 2 8 8 8 8 2 8 8 2 3 3 6 3 3 3 3 3 3 14 14 14 14 14 14 14 14 8 12 12 8 15 8 8 19 14 19 19 8 2 2 2 5 5 5 2 5 2 2 11 11 11 11 11 2 11 9 11 11 11 9 9 1 6 6 6 6 1 1 1 1 1 1 1 1
12 12 3 3 12 12 15 3 15 15 19 19 10 19 19 19 19 19 8 8 8 8 18 18 8 8 2 8 8 8 8 8 8 8 8 8 6 6 6 6 14 3 14 3 15 14 14 14 12 12 20 20 12 12 12 12 8 8 8 19 19 8 14 2 5 5 2 2 5 5 1 1 2 2 1 11 2 2 2 2 11 11 11 9 16 6 6 6 6 6 1 16 16 9 9 1 1 1 1 1
12 3 3 3 3 12 15 3 11 15 15 10 19 19 19 19 18 18 18 18 18 18 18 8 8 8 8 8 8 8 8 8 8 8 8 6 6 6 6 6 6 6 14 3 15 15 14 14 12 12 20 20 12 12 12 8 8 8 8 14 14 14 14 2 2 2 2 2 5 5 5 5 1 2 1 1 1 2 1 2 11 11 11 9 9 6 16 16 6 6 16 1 16 9 1 1 1 1 1 1
3 3 3 3 3 3 3 3 3 15 10 19 19 19 19 19 19 19 18 18 8 8 18 18 8 8 8 8 8 8 8 8 8 8 8 6 8 6 6 6 6 6 15 14 15 14 14 14 12 12 20 20 20 8 8 12 12 12 12 12 12 12 14 20 2 2 5 5 5 5 5 1 1 2 1 1 1 1 1 16 1 16 16 6 6 6 6 6 6 6 6 1 1 9 1 16 16 16 1 1
3 3 3 3 3 11 11 3 11 11 11 19 11 11 11 11 11 18 19 18 8 8 8 8 18 8 8 8 8 8 8 8 8 8 8 8 8 8 6 6 6 15 15 14 15 14 14 14 14 14 20 20 8 8 8 8 12 12 12 12 12 12 20 20 14 2 14 2 5 5 6 2 2 2 1 1 1 1 16 16 16 16 16 6 6 16 16 16 16 1 1 1 1 1 1 16 16 16 1 1
3 3 3 3 3 7 11 11 11 11 19 19 19 19 11 19 18 18 18 18 18 18 18 18 18 18 18 18 19 8 8 8 8 8 8 8 8 8 6 6 6 6 6 15 3 14 3 3 20 14 12 20 20 20 8 12 12 8 8 12 12 14 20 20 20 2 14 2 6 6 6 2 1 3 3 1 3 1 16 16 16 16 16 16 16 16 6 6 6 1 1 1 1 1 1 1 1 1 1 1
3 3 3 3 7 7 1 11 11 11 11 11 19 19 19 19 19 19 18 18 18 18 18 18 8 8 18 8 19 8 18 8 8 8 8 11 11 6 6 6 6 6 15 3 3 3 15 15 15 12 12 20 20 20 12 12 12 12 8 12 14 20 20 20 20 20 14 2 6 2 6 6 1 3 3 3 3 16 16 6 6 16 6 16 6 6 6 6 16 16 1 15 1 15 15 1 1 1 1 1
3 3 3 3 3 7 1 11 1 11 11 11 7 19 19 19 19 8 8 18 18 18 18 18 19 19 8 8 19 8 18 18 8 8 8 11 11 11 6 11 3 6 15 3 3 3 3 3 15 12 4 20 20 20 20 20 20 8 8 8 14 14 20 20 14 2 2 2 6 6 6 2 3 3 3 3 16 16 16 6 16 6 6 6 6 13 13 6 16 16 16 15 15 16 16 1 1 15 1 1
3 1 3 1 3 3 1 1 1 11 11 11 11 19 19 19 19 19 8 8 8 8 8 8 19 8 8 8 19 19 18 18 18 18 8 11 11 11 6 6 3 11 11 11 4 4 20 20 15 20 4 20 4 20 20 20 8 8 8 8 8 20 14 14 20 20 2 2 2 6 6 3 3 3 3 3 3 16 16 6 16 13 6 16 6 6 13 15 15 15 16 16 16 15 1 1 1 1 1 1
3 1 3 1 1 1 7 7 7 7 7 7 19 19 19 19 19 19 19 19 18 18 18 19 19 8 8 8 19 8 8 18 18 11 11 11 11 11 11 11 3 3 3 11 3 4 4 4 15 15 20 20 20 20 20 8 8 8 8 8 8 20 20 20 20 20 2 2 2 6 6 3 3 3 1 3 3 3 6 6 6 13 13 6 13 6 13 15 15 15 15 15 15 15 15 1 15 15 1 1
3 3 3 1 1 1 1 7 7 7 7 7 19 19 19 19 19 19 19 8 8 8 8 19 19 19 19 19 19 19 8 8 8 8 18 11 11 11 11 11 3 11 11 11 11 4 4 4 15 15 4 4 4 4 8 8 8 8 8 8 8 20 20 20 20 20 20 2 6 20 6 20 6 3 3 3 3 6 6 6 6 10 13 6 13 13 13 15 15 15 15 15 15 15 15 15 15 15 1 1
1 1 1 1 1 1 7 7 7 7 7 19 19 1 19 19 1 1 1 1 1 8 19 19 19 19 19 19 19 19 19 19 18 18 18 18 11 18 11 11 11 11 9 9 9 3 3 15 4 4 4 4 4 4 4 4 8 9 9 8 20 20 20 20 20 20 20 2 20 20 20 20 6 3 13 3 3 3 3 3 6 10 13 6 19 13 6 13 13 15 15 15 15 15 15 15 1 1 1 1
5 1 1 1 1 1 7 7 20 20 20 7 19 19 19 1 19 1 8 8 8 15 15 19 15 19 19 5 19 19 18 8 18 18 18 18 11 11 3 11 11 9 9 9 9 9 3 3 3 4 8 8 8 8 8 8 8 9 9 8 20 20 20 15 15 20 20 20 20 20 20 13 6 6 6 3 6 10 6 6 10 6 6 13 19 19 6 13 13 15 15 15 15 15 15 1 15 15 1 1
5 1 1 1 1 1 1 7 7 20 20 7 1 1 19 1 19 8 8 8 19 15 15 15 15 5 5 5 19 19 19 2 18 18 11 18 11 11 11 11 3 11 9 3 11 9 9 9 3 9 16 8 8 8 8 8 8 9 9 8 8 20 20 15 15 15 9 9 9 13 13 6 3 3 3 3 10 10 10 6 10 10 19 19 19 19 6 13 13 15 15 15 4 15 4 1 1 1 1 1
13 1 1 1 20 20 20 20 7 20 20 1 1 19 1 1 1 1 19 19 19 8 15 15 5 5 5 5 5 19 2 2 18 18 18 2 11 11 11 11 3 11 9 11 11 11 9 9 9 16 16 16 16 8 9 8 8 9 9 8 15 15 15 15 20 20 20 9 13 13 13 6 3 3 3 13 13 10 10 10 10 10 10 10 10 10 6 15 15 19 4 4 4 4 4 4 1 1 1 1
13 5 1 1 1 1 20 5 20 20 20 1 1 1 19 19 1 15 1 1 8 8 15 19 15 5 5 5 5 2 2 2 18 18 2 11 11 2 11 11 11 11 11 9 9 9 16 16 9 16 16 16 16 16 16 9 8 9 9 8 15 15 20 20 20 20 20 6 13 13 13 6 3 3 3 13 13 10 10 10 10 10 10 10 19 19 19 19 15 19 4 4 4 1 4 4 4 1 1 1
13 5 13 1 5 5 5 5 20 5 5 5 20 20 19 1 1 15 15 15 15 19 19 15 5 5 5 5 5 18 2 2 18 2 2 11 11 2 2 11 11 11 9 11 11 11 16 9 16 9 16 16 16 9 9 9 9 15 15 8 15 15 15 15 20 20 15 15 9 9 13 6 14 13 13 13 13 13 10 10 10 10 10 10 10 19 19 19 15 19 19 4 1 4 1 1 4 1 1 1
13 13 13 5 5 5 5 5 20 20 20 20 20 1 1 1 1 1 1 15 15 19 19 15 19 5 5 5 5 5 2 2 2 2 2 2 2 11 11 9 9 11 11 11 11 11 16 16 16 16 16 16 16 16 9 9 9 9 15 15 9 15 15 15 15 15 15 9 15 9 13 13 14 13 13 13 10 10 10 10 10 10 10 10 10 10 10 15 15 19 19 4 1 1 1 1 1 1 1 1
13 13 13 13 5 5 5 5 20 13 13 1 1 1 1 1 1 1 15 15 7 7 19 19 19 5 5 5 2 2 2 2 2 2 2 11 11 11 2 11 9 11 11 11 11 11 11 9 9 9 9 16 16 16 16 9 9 9 9 15 15 15 15 15 15 15 15 15 15 13 14 9 13 9 13 13 10 10 10 10 10 10 8 10 19 19 10 15 15 18 4 19 1 4 1 1 1 1 1 1
13 13 13 5 1 5 5 13 17 13 20 17 1 1 1 1 1 1 15 15 7 15 15 13 5 5 13 5 5 5 2 2 2 2 2 2 2 11 11 11 9 11 9 11 11 11 9 9 16 16 16 16 16 9 9 9 9 9 15 15 15 19 15 15 20 15 14 14 9 9 14 13 13 9 13 13 13 10 10 10 10 8 8 10 19 19 19 19 19 19 4 19 5 4 1 1 1 1 1 1
13 13 13 1 1 5 17 13 17 17 17 20 20 20 1 1 1 1 1 15 15 7 7 13 13 13 13 5 13 2 2 2 4 4 4 2 10 11 11 3 3 9 3 3 3 3 9 9 16 9 16 16 9 9 16 19 9 9 9 15 19 19 15 20 20 15 14 14 14 9 14 14 14 14 13 13 13 10 14 10 8 8 8 10 10 19 19 19 19 18 4 19 5 4 4 1 1 1 1 1
13 13 13 1 1 5 17 17 17 17 17 20 17 1 1 1 1 1 7 15 7 7 13 13 13 13 13 1 4 4 4 4 4 4 4 10 10 11 11 11 3 3 3 3 9 9 9 3 9 9 9 9 16 16 16 19 9 19 19 19 15 19 15 15 15 15 14 14 14 14 14 9 14 14 13 10 13 14 10 10 8 8 10 10 19 19 18 18 18 18 18 5 5 5 5 1 1 1 1 1
13 13 13 13 1 13 13 17 17 17 17 17 1 1 1 1 1 1 7 7 7 7 15 15 13 13 13 1 1 4 4 4 4 4 4 10 10 10 11 3 3 3 3 3 3 3 9 3 3 9 9 9 19 9 16 19 19 19 19 1 1 20 15 20 14 14 14 20 14 14 14 14 13 14 14 10 10 8 8 8 8 8 10 10 18 19 18 18 18 4 18 4 1 5 5 5 1 1 1 1
13 13 1 13 1 13 17 17 17 17 17 1 6 1 1 1 6 1 7 7 1 1 7 13 13 13 13 1 13 13 4 4 4 10 4 10 10 10 11 3 3 3 3 3 3 3 9 3 9 9 19 19 9 19 16 19 19 9 1 1 20 20 15 20 14 14 14 14 14 14 14 14 14 13 14 10 10 8 8 8 8 8 8 10 10 19 18 1 18 18 18 18 18 5 5 5 1 1 1 1
13 13 1 13 1 13 13 13 13 1 17 1 6 1 1 1 1 1 1 7 1 1 7 7 13 13 13 1 1 13 13 4 4 4 1 10 10 1 11 11 3 3 3 3 3 3 9 9 3 9 9 9 9 19 9 19 19 9 1 1 20 20 15 20 20 14 14 14 1 1 14 1 1 14 14 10 10 10 8 8 8 8 8 10 1 19 18 1 18 18 18 1 1 5 5 5 1 1 1 1
13 1 1 1 1 1 1 1 1 1 1 1 1 1 1 1 6 1 1 7 1 1 7 7 13 1 13 1 1 13 4 4 4 4 4 10 1 10 10 1 1 3 1 1 3 9 9 9 3 1 9 9 9 19 19 19 19 19 1 1 20 20 20 20 20 14 14 14 1 1 14 1 1 1 1 14 1 1 1 8 8 8 8 8 1 18 18 18 18 18 18 18 1 1 1 5 1 5 5 1
13 1 13 13 13 1 1 1 1 1 1 1 1 1 1 1 1 1 1 1 1 1 1 13 13 1 1 1 1 13 1 4 1 1 1 1 1 1 3 3 1 1 9 9 3 9 9 3 1 1 1 1 9 19 19 19 19 19 1 1 1 20 1 1 20 1 14 14 1 1 14 1 1 1 1 14 1 1 1 8 8 8 8 1 18 1 1 1 18 18 18 1 1 1 1 5 5 1 1 1
13 1 13 1 1 1 1 1 1 1 1 1 1 1 1 1 1 1 1 1 1 1 1 1 1 1 1 1 1 1 1 1 1 1 1 1 1 10 1 1 1 1 1 1 1 3 3 3 1 1 9 1 19 19 19 1 1 1 1 1 1 20 1 1 20 1 1 14 1 1 14 1 1 1 1 1 1 1 1 8 8 8 8 1 18 18 18 18 18 1 1 1 1 1 1 1 1 1 1 1
